1 0.365625 0.62890625 0.09296875 0.0921875
1 0.38671875 0.45703125 0.10390625 0.0921875
1 0.56328125 0.42890625 0.09375 0.09609375
0 0.328125 0.7640625 0.034375 0.03828125
0 0.20078125 0.48515625 0.06015625 0.02890625
0 0.37734375 0.36796875 0.0453125 0.04375
0 0.5296875 0.22109375 0.03203125 0.05234375
0 0.6546875 0.4015625 0.040625 0.040625
0 0.778125 0.5171875 0.05 0.02421875
0 0.5859375 0.60234375 0.02421875 0.0390625
3 0.6375 0.578125 0.06484375 0.0640625
3 0.509375 0.68984375 0.05625 0.06328125