0 0.5875 0.60078125 0.02109375 0.0453125
3 0.51484375 0.68828125 0.0703125 0.0609375
3 0.63671875 0.57734375 0.053125 0.0703125
0 0.328125 0.765625 0.0390625 0.04375
0 0.77578125 0.515625 0.04921875 0.03125
0 0.6546875 0.40234375 0.05078125 0.034375
0 0.2046875 0.4859375 0.0578125 0.028125
0 0.52734375 0.21953125 0.0296875 0.0390625
0 0.378125 0.36328125 0.040625 0.04296875
1 0.36171875 0.62421875 0.10234375 0.0890625
1 0.38671875 0.45390625 0.103125 0.09609375
1 0.56875 0.43046875 0.09296875 0.10078125